3.99 0.043 1530176996741 -1.1944444444444444e-05
3.99 0.043 1530176997741 -2.3888888888888885e-05
3.99 0.043 1530176998741 -3.583333333333333e-05
3.99 0.043 1530176999741 -4.777777777777777e-05
3.99 0.043 1530177000741 -5.9722222222222206e-05
3.99 0.043 1530177001741 -7.166666666666666e-05
3.99 0.043 1530177002741 -8.36111111111111e-05
3.99 0.043 1530177003741 -9.555555555555554e-05
3.99 0.043 1530177004741 -0.00010749999999999997
3.99 0.043 1530177005741 -0.00011944444444444444
3.99 0.043 1530177006741 -0.0001313888888888889
3.99 0.043 1530177007741 -0.0001433333333333333
3.99 0.043 1530177008741 -0.00015527777777777775
3.99 0.043 1530177009741 -0.0001672222222222222
3.99 0.043 1530177010741 -0.00017916666666666664
3.99 0.043 1530177011741 -0.00019111111111111108
3.93 0.043 1530185045776 -0.0961531958333224
3.93 0.043 1530185046776 -0.09616514027776683
3.93 0.043 1530185047776 -0.09617708472221127
3.93 0.043 1530185048776 -0.09618902916665573
3.93 0.043 1530185049776 -0.09620097361110017
3.93 0.043 1530185050776 -0.0962129180555446
3.93 0.043 1530185051776 -0.09622486249998903
3.93 0.043 1530185052776 -0.09623680694443347
3.93 0.043 1530185053776 -0.09624875138887792
3.93 0.043 1530185054776 -0.09626069583332236
3.93 0.043 1530185055776 -0.0962726402777668
3.93 0.043 1530185056776 -0.09628458472221124
3.93 0.043 1530185057776 -0.09629652916665568
3.93 0.043 1530185058776 -0.09630847361110012
3.93 0.043 1530185059776 -0.09632041805554456
